*{
    margin: 0;
    padding: 0;
    box-sizing: border-box;
}
body{
    overflow: hidden; 
}
@import url('https://fonts.googleapis.com/css?family=Titan+One');

/* BACKGROUND CSS*/
.background{
	width:100vw;
	height:100vh;
    background:  linear-gradient(90deg, rgba(131,58,180,1) 0%, rgba(29,244,253,1) 50%, rgba(252,176,69,1) 100%);;
    z-index: -10;
}

.background div{
    display:block;
    position:absolute;
}

.blobs{
    background:var(--color);
	width: var(--width);
	height: var(--height);
	top: var(--top);
	left: var(--left); 
}

.animation1{
    animation:blobs 25s ease-in-out infinite alternate
}

.animation2{
    animation:blobs_2 30s ease-in-out infinite alternate
}


@keyframes blobs{
	0%{border-radius:26% 74% 61% 39% / 54% 67% 33% 46%}
	10%{border-radius:74% 26% 47% 53% / 68% 46% 54% 32%}
	20%{border-radius:48% 52% 30% 70% / 27% 37% 63% 73%}
	30%{border-radius:73% 27% 57% 43% / 28% 67% 33% 72%}
	40%{border-radius:63% 37% 56% 44% / 25% 28% 72% 75%}
	50%{border-radius:39% 61% 70% 30% / 61% 29% 71% 39%}
	60%{border-radius:27% 73% 29% 71% / 73% 51% 49% 27%}
	70%{border-radius:39% 61% 65% 35% / 74% 65% 35% 26%}
	80%{border-radius:55% 45% 37% 63% / 38% 30% 70% 62%}
	90%{border-radius:25% 75% 70% 30% / 39% 50% 50% 61%}
	100%{border-radius:66% 34% 33% 67% / 65% 73% 27% 35%}
}

@keyframes blobs_2{
	0%{border-radius:26% 74% 61% 39% / 54% 67% 33% 46%}
	10%{border-radius:63% 37% 56% 44% / 25% 28% 72% 75%}
	20%{border-radius:48% 52% 30% 70% / 27% 37% 63% 73%}
	30%{border-radius:73% 27% 57% 43% / 28% 67% 33% 72%}
	40%{border-radius:74% 26% 47% 53% / 68% 46% 54% 32%}
	50%{border-radius:39% 61% 70% 30% / 61% 29% 71% 39%}
	60%{border-radius:27% 73% 29% 71% / 73% 51% 49% 27%}
	70%{border-radius:66% 34% 33% 67% / 65% 73% 27% 35%}
	80%{border-radius:55% 45% 37% 63% / 38% 30% 70% 62%}
	90%{border-radius:25% 75% 70% 30% / 39% 50% 50% 61%}
	100%{border-radius:39% 61% 65% 35% / 74% 65% 35% 26%}
}

.main_display{
    display: flex;
    justify-content: center;
    align-content: center;
    position: absolute;
    top: 25vh;
    left: 25vw;
    width: 50vw;
    height: 50vh;
    backdrop-filter: blur(10px);
}


.container{
    display: flex;
    flex-direction: column;
    align-items: center;
    justify-content: center;
    gap: 10px;
  }
  
  .start{
    font-size: 50px;
  }   
  .buttons{
    display: flex;
    align-items: center;
    justify-content: center;
    gap: 30px;
  }
  .homebtn,.startbtn{
    font-size: 45px;
    padding: 5px;
    background: transparent;
    border: none;
    transition: 2s;
  }
  
  .homebtn:hover,.startbtn:hover{
    font-size: 60px;
    transition: 0s;
  }
  
  .svg-wrapper {
    margin: 0 auto;
    width: 400px;
  }
  .shape {
    stroke-dasharray: 140 540;
    stroke-dashoffset: -474;
    stroke-width: 8px;
    fill: transparent;
    stroke: red;
    border-bottom: 5px solid black;
    transition: stroke-width 1s, stroke-dashoffset 1s, stroke-dasharray 1s;
  }
  .text {
    font-family: 'Roboto Condensed';
    font-size: 28px;
    line-height: 32px;
    letter-spacing: 8px;
    font-weight: 900;
    color: black;
    top: -48px;
    left: 50px;
    position: relative;
  }
  .svg-wrapper:hover .shape {
    stroke-width: 5px;
    stroke-dashoffset: 0;
    stroke-dasharray: 760;
  }

.gameboard{
    display: none;
    position: absolute;
    height: 60vh;
    width: 70vw;
    top: 25%;
    right: 25%;
    transform: translate(25%,-25%);
    
}

.upper{
    position: fixed;
    top: 20px;
    left: 20px;
    font-size: 2em;
    background: rgba(255,255,255,0.8);
    padding: 10px;
    border-radius: 10%;
}

.lower{
    height: 400px;
    width: 500px;
    display: grid;
    align-items: center;
    justify-content: center;
    grid-gap: 20px;
    backdrop-filter: blur(10px);
    background: rgba(255,255,255,0.8);
    padding: 40px;
    border-radius: 10%;
}
.card{
    position: relative;
    width: 100px;
    height: 100px;
}

.card-front,.card-back{
    position: absolute;
    height: 100%;
    width: 100%;
    border-radius: 5px;
    background: lemonchiffon;
    transition: transform 1.2s cubic-bezier(0.075, 0.82, 0.165, 1);
    backface-visibility: hidden;
}

.card-back{
    font-size: 50pt;
    text-align: center;
    background: white;
    transform: rotateY(180deg) rotateZ(50deg);
    user-select: none;
}

.flipped .card-front{
    transform: rotateY(180deg) rotateZ(50deg);
}

.flipped .card-back{
    transform: rotateY(0) rotateZ(0);
}

.shake{
    animation: move 0.5s 10 linear;
}

@keyframes move {
    0%{
        left:-5%;
    }
    20%{
        left: -10%;
    }
    30%{
        left: -5%;
    }
    40%{
        left: 0;
    }
    50%{
        left: 5%;
    }
    60%{
        left: 10%;
    }
    70%{
        left: 5%;
    }
    80%{
        left:0
    }
}